18219	0	1.7064098119735718
18219	1	-2.13559889793396
18219	2	1.5903208255767822
18219	3	0.6610940098762512
18219	4	-0.03909164294600487
18219	5	-0.32958969473838806
18219	6	-2.1885368824005127
18219	7	-2.131877899169922
18230	0	-2.1505045890808105
18230	1	-1.341715693473816
18230	2	-0.9039785861968994
18230	3	-0.27549171447753906
18230	4	-0.8676666617393494
18230	5	-1.7466691732406616
18230	6	-0.8843231797218323
18230	7	-1.1589981317520142
18230	8	-1.6007333993911743
18230	9	-0.8655279278755188
18230	10	0.4489969313144684
18230	11	-2.1885368824005127
18230	12	-1.1075506210327148
18230	13	-0.6828291416168213
18230	14	-2.0897045135498047
18230	15	-2.033916473388672
18230	16	-2.033916473388672
18230	17	-2.033916473388672
18230	18	-1.5884591341018677
18230	19	0.21058465540409088
18230	20	-1.8811252117156982
18230	21	0.8212385773658752
18230	22	0.4895545244216919
18230	23	-1.7265050411224365
18230	24	-1.9862406253814697
18230	25	0.12687084078788757
18230	26	-1.858261227607727
18230	27	-1.2283098697662354
18230	28	-0.3675329387187958
18230	29	-2.1885368824005127
18230	30	-1.6271008253097534
18230	31	-2.1885368824005127
18230	32	0.4895545244216919
18230	33	-2.1885368824005127
18230	34	-0.8062477707862854
18230	35	-0.8626836538314819
18230	36	0.8469324111938477
18230	37	-0.35106179118156433
18230	38	0.10387283563613892
18230	39	-0.4740370810031891
18230	40	0.024179726839065552
18230	41	-0.4055795669555664
18230	42	-0.5620465278625488
18230	43	-0.7094968557357788
18230	44	-0.2798751890659332
18230	45	-0.2539978325366974
18230	46	0.7423988580703735
18230	47	-2.1885368824005127
18230	48	-0.9018398523330688
18230	49	-1.127675175666809
18230	50	-0.8525309562683105
18230	51	-2.1885368824005127
18230	52	-1.5163456201553345
18230	53	-1.3260846138000488
18230	54	-2.1885368824005127
18230	55	1.630610704421997
18230	56	-2.006974935531616
18230	57	-0.1375158429145813
18230	58	-2.1885368824005127
18230	59	-1.8023277521133423
18230	60	0.2613966464996338
18328	0	1.255087971687317
18328	1	-2.1885368824005127
18328	2	-1.2307864427566528
18328	3	-1.213478684425354
18328	4	-1.240278720855713
18328	5	-0.13277506828308105
18328	6	1.5803276300430298
18342	0	-2.131877899169922
18342	1	1.2070519924163818
18342	2	0.14828118681907654
18342	3	-0.030295362696051598
18342	4	1.085241436958313
18342	5	0.0882878378033638
18342	6	-1.1468333005905151
18342	7	-2.1869056224823
18356	0	-1.8309645652770996
18356	1	-1.3516262769699097
18356	2	-0.38602927327156067
18356	3	1.2759065628051758
18356	4	0.42535215616226196
18356	5	-0.8521614074707031
18356	6	-1.8931323289871216
18356	7	-2.150359630584717
18371	0	1.1892828941345215
18371	1	-2.1550045013427734
18371	2	0.4368439316749573
18371	3	1.4868321418762207
18371	4	0.8107761740684509
18371	5	-2.1885368824005127
18371	6	0.10812345892190933
18377	0	-0.37592262029647827
18377	1	-2.291653871536255
18377	2	-1.3712209463119507
18377	3	-0.4029972553253174
18377	4	-2.169910192489624
18377	5	1.093177318572998
18377	6	-2.1885368824005127
18378	0	0.42100781202316284
18378	1	-2.169910192489624
18378	2	-2.1550045013427734
18378	3	-1.657339096069336
18378	4	-0.4694218337535858
18378	5	0.500220775604248
18378	6	-0.9806907176971436
18378	7	0.5049256086349487
18378	8	0.849354088306427
18378	9	-2.1885368824005127
18378	10	0.533811628818512
18378	11	-0.2967582643032074
18378	12	0.2636740803718567
18378	13	-0.39755362272262573
18378	14	-0.03605019673705101
18378	15	-2.169910192489624
18386	0	-0.3705797791481018
18386	1	1.4601068496704102
18386	2	-2.169910192489624
18386	3	0.038999732583761215
18386	4	-2.131877899169922
18386	5	1.8843061923980713
18386	6	-2.1869056224823
18386	7	-1.5099661350250244
18386	8	-1.3514609336853027
18386	9	1.4186910390853882
18386	10	-0.8777522444725037
18386	11	-1.212339997291565
18386	12	-1.1456817388534546
18386	13	-1.9566514492034912
18386	14	-0.4016260504722595
18400	0	-0.5333114862442017
18400	1	-2.1885368824005127
18400	2	-2.131877899169922
18400	3	-1.3415260314941406
18400	4	-1.502025842666626
18400	5	1.0092419385910034
18400	6	-0.35066211223602295
18400	7	-2.131877899169922
18401	0	1.7125986814498901
18401	1	-1.6939363479614258
18401	2	-1.5067623853683472
18401	3	0.4892810881137848
18401	4	-1.9881166219711304
18401	5	-1.7129563093185425
18401	6	-1.764014482498169
18401	7	0.8215424418449402
18401	8	-2.169910192489624
18401	9	-0.5396745800971985
18401	10	-0.5532832145690918
18401	11	-0.11049941927194595
18401	12	-0.15423962473869324
18401	13	-0.05945563688874245
18401	14	-2.2063803672790527
18401	15	-1.9208247661590576
18402	0	1.3974096775054932
18402	1	0.09120866656303406
18402	2	-2.2064781188964844
18402	3	1.0634328126907349
18402	4	0.3288835883140564
18402	5	-2.1505045890808105
18402	6	-1.8356852531433105
18402	7	-2.1505045890808105
18402	8	-0.09016893804073334
18402	9	0.09928145259618759
18402	10	-0.2204715609550476
18402	11	-2.152681350708008
18402	12	0.48343923687934875
18402	13	0.2600421607494354
18402	14	0.23437070846557617
18402	15	-2.131877899169922
18410	0	-1.1982654333114624
18410	1	1.4156579971313477
18410	2	-2.2064781188964844
18410	3	-2.1505045890808105
18410	4	-0.26888757944107056
18410	5	0.13657863438129425
18410	6	0.10187741369009018
18410	7	-1.1037414073944092
18410	8	1.1869899034500122
18410	9	-2.1505045890808105
18410	10	-2.2055323123931885
18410	11	-1.5246269702911377
18410	12	1.1085394620895386
18410	13	-1.915290355682373
18410	14	1.235102653503418
18410	15	-1.501776099205017
18410	16	-1.3555865287780762
18410	17	-2.1505045890808105
18410	18	-1.2229340076446533
18410	19	-2.131877899169922
18410	20	0.3487839996814728
18410	21	-2.131877899169922
18410	22	0.6225613355636597
18410	23	1.0870189666748047
18410	24	-1.9589605331420898
18410	25	-0.026805242523550987
18410	26	-0.954613208770752
18410	27	-1.4131001234054565
18410	28	0.8572513461112976
18410	29	0.932029128074646
18410	30	0.8719123601913452
18410	31	-0.8105431795120239
18411	0	-0.3251436948776245
18411	1	-2.2055323123931885
18411	2	1.8316364288330078
18411	3	-2.1505045890808105
18411	4	0.09455537050962448
18411	5	0.8104075193405151
18411	6	1.4126582145690918
18411	7	-0.42101937532424927
18411	8	-2.1505045890808105
18411	9	-1.0610995292663574
18411	10	-0.11098969727754593
18411	11	-0.47636210918426514
18411	12	-0.7995689511299133
18411	13	-1.842958688735962
18411	14	1.0085009336471558
18411	15	-0.5854522585868835
18429	0	-0.7793912291526794
18429	1	-1.7393978834152222
18429	2	-1.6775065660476685
18429	3	-0.17432142794132233
18429	4	0.11244867742061615
18429	5	-1.4074703454971313
18429	6	-0.4696353077888489
18429	7	-1.445741891860962
18429	8	-0.502545952796936
18429	9	-2.169910192489624
18429	10	0.48700040578842163
18429	11	-0.04757487401366234
18429	12	-1.2547502517700195
18429	13	1.7183500528335571
18429	14	-1.3760164976119995
18429	15	-0.20473612844944
18437	0	-2.131877899169922
18437	1	-1.9498111009597778
18437	2	-0.38265305757522583
18437	3	-1.436492681503296
18437	4	-2.131877899169922
18437	5	-1.644148826599121
18437	6	1.330964207649231
18438	0	-1.922938585281372
18438	1	-2.1505045890808105
18438	2	0.2165977656841278
18438	3	-2.1505045890808105
18438	4	1.5399010181427002
18438	5	-0.9652717709541321
18438	6	0.6443790793418884
18438	7	-2.088073253631592
18438	8	-1.3980438709259033
18438	9	-0.6449190378189087
18438	10	-0.7389410138130188
18438	11	-1.1113648414611816
18438	12	0.08589308708906174
18438	13	0.08589308708906174
18438	14	-2.1885368824005127
18438	15	-0.5814191102981567
18450	0	1.325271487236023
18450	1	0.9373415112495422
18450	2	-2.1885368824005127
18450	3	1.4997236728668213
18450	4	0.693358302116394
18450	5	-2.033916473388672
18450	6	-2.033916473388672
18450	7	-2.074089288711548
18450	8	0.9079549312591553
18450	9	-1.895870566368103
18450	10	-0.602361798286438
18450	11	-2.1885368824005127
18450	12	-0.8696258664131165
18450	13	-1.4273924827575684
18450	14	-1.961510419845581
18457	0	1.015921950340271
18457	1	0.25948283076286316
18457	2	-0.33755871653556824
18457	3	1.3620673418045044
18457	4	-2.175971031188965
18457	5	-0.9577994346618652
18457	6	-0.3483705520629883
18457	7	0.7974134683609009
18458	0	-2.169910192489624
18458	1	-2.224937915802002
18458	2	-2.1885368824005127
18458	3	1.7981750965118408
18458	4	-0.3578353524208069
18458	5	0.8877245783805847
18458	6	-1.1501095294952393
18458	7	-2.1114320755004883
18458	8	-0.5324133038520813
18458	9	-2.169910192489624
18458	10	-2.169910192489624
18458	11	-1.6593480110168457
18458	12	1.3123277425765991
18458	13	-1.1797252893447876
18464	0	-2.1885368824005127
18464	1	-2.0473082065582275
18464	2	-0.5518136024475098
18464	3	-1.3704687356948853
18464	4	-0.18040770292282104
18464	5	-0.9758883714675903
18464	6	0.8382558822631836
18464	7	-1.7623374462127686
18464	8	-2.1885368824005127
18464	9	1.2094274759292603
18464	10	-0.7156256437301636
18464	11	-2.1885368824005127
18464	12	1.2063319683074951
18464	13	-1.515080451965332
18464	14	-0.3526962995529175
18464	15	-0.7663267850875854
18468	0	-2.1885368824005127
18468	1	-1.6298290491104126
18468	2	-0.46821582317352295
18468	3	-0.9596067070960999
18468	4	-0.8115274906158447
18468	5	-1.2671546936035156
18468	6	0.20581114292144775
18468	7	-1.6268166303634644
18468	8	0.9863478541374207
18468	9	-1.7466691732406616
18468	10	-1.359822154045105
18468	11	-1.343784213066101
18468	12	-1.4236302375793457
18468	13	-0.12715497612953186
18468	14	0.10603742301464081
18470	0	0.20377928018569946
18470	1	-0.14768509566783905
18470	2	-1.3966705799102783
18470	3	-2.1505045890808105
18470	4	-0.10609567165374756
18470	5	-1.590299367904663
18470	6	-1.3138079643249512
18470	7	0.08993207663297653
18479	0	-0.06275290995836258
18479	1	0.36744192242622375
18479	2	1.6435728073120117
18479	3	1.3602148294448853
18479	4	0.5388613939285278
18479	5	-0.03432770073413849
18479	6	-2.1885368824005127
18479	7	-2.202608585357666
18488	0	-1.177222490310669
18488	1	-2.1885368824005127
18488	2	0.2872644066810608
18488	3	0.9084976315498352
18488	4	0.5026188492774963
18488	5	-0.7823371887207031
18488	6	-0.22244670987129211
18488	7	-0.01203062478452921
18488	8	1.448333978652954
18488	9	-1.4529072046279907
18488	10	-1.1403052806854248
18488	11	0.7882234454154968
18488	12	-1.6273607015609741
18488	13	-2.1505045890808105
18488	14	0.10098467022180557
18488	15	-0.04828209802508354
18489	0	-0.8884758353233337
18489	1	1.1557892560958862
18489	2	1.1216963529586792
18489	3	1.482043981552124
18489	4	-2.1885368824005127
18489	5	-0.12014748901128769
18489	6	0.7015730738639832
18490	0	-0.7532221078872681
18490	1	-0.8563387989997864
18490	2	-0.9056476950645447
18490	3	1.1870239973068237
18490	4	1.2226508855819702
18490	5	-0.835889458656311
18490	6	0.22182343900203705
18490	7	-2.033916473388672
18490	8	-0.8721333146095276
18490	9	-2.1505045890808105
18490	10	0.973170816898346
18490	11	1.0797533988952637
18490	12	-1.8942639827728271
18490	13	0.5988317728042603
18490	14	-0.016404448077082634
18490	15	1.2209258079528809
18490	16	1.8607016801834106
18490	17	-2.1505045890808105
18490	18	1.2335350513458252
18490	19	-2.1505045890808105
18490	20	-2.1505045890808105
18490	21	0.293999046087265
18490	22	1.1620845794677734
18490	23	-2.1885368824005127
18490	24	-2.1885368824005127
18490	25	-2.1505045890808105
18490	26	-0.017641974613070488
18490	27	-0.24883118271827698
18490	28	-0.06161418557167053
18490	29	-2.1885368824005127
18490	30	-0.6076393127441406
18490	31	-2.1505045890808105
18490	32	0.02311108261346817
18490	33	0.004622060805559158
18490	34	-2.1505045890808105
18490	35	0.6109533309936523
18490	36	-0.18617650866508484
18490	37	-2.1885368824005127
18490	38	-0.9213722348213196
18490	39	0.928062379360199
18490	40	0.7555097937583923
18490	41	1.2670725584030151
18490	42	0.2660580277442932
18490	43	-0.9146977663040161
18490	44	-0.3828973174095154
18490	45	-0.08513160049915314
18490	46	-1.0148259401321411
18490	47	-1.2347466945648193
18490	48	0.34120139479637146
18490	49	0.5830605626106262
18490	50	0.6299940347671509
18490	51	0.4505229592323303
18490	52	0.9379397630691528
18490	53	-0.4448413848876953
18490	54	0.626900851726532
18490	55	0.95393306016922
18490	56	0.4505229592323303
18490	57	-2.1885368824005127
18490	58	0.37714093923568726
18511	0	-1.1884514093399048
18511	1	-0.34863319993019104
18511	2	0.3635150194168091
18511	3	-0.9470915794372559
18511	4	0.43016111850738525
18511	5	1.0149403810501099
18511	6	-0.2751314043998718
18511	7	0.20761336386203766
18511	8	-0.05279821157455444
18511	9	-2.1885368824005127
18511	10	-0.8224489092826843
18511	11	-0.3781113624572754
18511	12	-0.38714927434921265
18511	13	-2.0437920093536377
18511	14	-1.3115248680114746
18511	15	-0.3510948121547699
18511	16	-0.11751747131347656
18511	17	-0.23955059051513672
18511	18	-0.38714927434921265
18511	19	-0.8676680326461792
18511	20	-1.9459757804870605
18511	21	0.7123584151268005
18511	22	-0.8323192596435547
18511	23	-1.3961528539657593
18511	24	0.5944458842277527
18511	25	-1.2984033823013306
18511	26	0.5944458842277527
18511	27	-1.0535205602645874
18511	28	-1.2238504886627197
18511	29	-1.6385643482208252
18511	30	0.029125073924660683
18511	31	-0.22090116143226624
18511	32	-0.3639237880706787
18511	33	0.10427238047122955
18511	34	-0.8807841539382935
18511	35	-1.7581733465194702
18511	36	-1.7581733465194702
18511	37	0.04975089430809021
18511	38	-2.1885368824005127
18511	39	-2.1885368824005127
18511	40	-0.09131091833114624
18511	41	-1.0225632190704346
18511	42	-2.1885368824005127
18511	43	-0.11275120824575424
18511	44	-1.4358766078948975
18511	45	-2.1885368824005127
18511	46	-2.1885368824005127
18511	47	-2.1885368824005127
18511	48	-2.1885368824005127
18511	49	-2.1885368824005127
18511	50	-0.2773771584033966
18511	51	0.03911459818482399
18511	52	-0.5810012221336365
18511	53	-0.41598761081695557
18511	54	-2.1885368824005127
18511	55	-2.1885368824005127
18511	56	-2.1885368824005127
18511	57	0.638791024684906
18511	58	-1.678482174873352
18511	59	-2.1878514289855957
18511	60	-1.678482174873352
18525	0	-0.6654289960861206
18525	1	-2.1885368824005127
18525	2	-1.305153727531433
18525	3	0.605501651763916
18525	4	-0.6360740661621094
18525	5	1.9261863231658936
18525	6	-1.34430992603302
18525	7	-1.1387866735458374
18525	8	-0.7170202732086182
18525	9	-0.6206971406936646
18525	10	1.0919495820999146
18525	11	-0.12066051363945007
18525	12	-2.1885368824005127
18525	13	-0.3731177747249603
18525	14	-2.1505045890808105
18525	15	-0.34605804085731506
18525	16	-0.34605804085731506
18525	17	-1.0197346210479736
18525	18	-2.1505045890808105
18525	19	-0.7723174095153809
18525	20	-2.1885368824005127
18525	21	0.12681321799755096
18525	22	-2.1885368824005127
18525	23	-2.1505045890808105
18525	24	0.09761515259742737
18525	25	-0.19181962311267853
18525	26	0.16231343150138855
18525	27	1.7810059785842896
18525	28	1.8478633165359497
18525	29	0.1402101218700409
18525	30	-1.4069017171859741
18525	31	-1.4069017171859741
18525	32	0.1870984137058258
18525	33	0.12681321799755096
18525	34	-2.1399571895599365
18525	35	-0.2787362039089203
18525	36	-1.882818341255188
18525	37	0.12681321799755096
18525	38	-1.2963861227035522
18525	39	-1.3838709592819214
18525	40	-0.7138137221336365
18525	41	-1.6802738904953003
18525	42	-2.1885368824005127
18525	43	-0.5560658574104309
18525	44	-0.6357083320617676
18525	45	0.40464717149734497
18525	46	0.22418560087680817
18525	47	1.5983363389968872
18525	48	0.2842308580875397
18525	49	-1.9543310403823853
18525	50	-2.1505045890808105
18525	51	-1.343700647354126
18525	52	0.6758778691291809
18525	53	-1.5468183755874634
18525	54	-1.6282774209976196
18525	55	-2.169910192489624
18526	0	-1.6590522527694702
18526	1	-1.9624967575073242
18526	2	0.659881055355072
18526	3	0.7099611759185791
18526	4	-1.264495611190796
18526	5	-1.3891432285308838
18526	6	-2.1885368824005127
18526	7	1.0203977823257446
18526	8	-1.4874292612075806
18526	9	-2.169910192489624
18526	10	0.09240497648715973
18526	11	-1.7206509113311768
18526	12	-2.1885368824005127
18526	13	-0.8756967782974243
18526	14	-1.294870376586914
18526	15	-1.1407594680786133
18526	16	-0.8347303867340088
18526	17	-0.42219018936157227
18526	18	0.15089239180088043
18526	19	-0.9626138210296631
18526	20	-1.6480313539505005
18526	21	-1.5099854469299316
18526	22	-0.6383740305900574
18526	23	0.6210309267044067
18526	24	-2.2435646057128906
18526	25	-2.1885368824005127
18526	26	-1.3462858200073242
18526	27	-2.1885368824005127
18526	28	0.5328342318534851
18526	29	-2.1885368824005127
18526	30	-0.19425594806671143
18526	31	-0.6744609475135803
18526	32	0.7049536108970642
18526	33	0.7557495832443237
18526	34	-2.169910192489624
18526	35	-0.7540948987007141
18526	36	-0.6534815430641174
18526	37	-1.5561085939407349
18526	38	-0.2350032776594162
18526	39	-0.4512069821357727
18526	40	-0.638547420501709
18526	41	-2.1885368824005127
18526	42	0.6334424018859863
18526	43	0.46839624643325806
18526	44	-0.586807370185852
18526	45	-2.1885368824005127
18526	46	-1.3234632015228271
18526	47	0.23334217071533203
18526	48	-1.902883529663086
18526	49	-0.8626836538314819
18526	50	0.053392790257930756
18526	51	-2.1878514289855957
18526	52	-0.13128085434436798
18526	53	0.053392790257930756
18526	54	-2.169910192489624
18526	55	-1.19924795627594
18526	56	-1.902883529663086
18526	57	-1.011048436164856
18526	58	-1.5790818929672241
18526	59	0.19858670234680176
18531	0	-1.1508015394210815
18531	1	1.5926768779754639
18531	2	-0.7944334745407104
18531	3	-1.451341986656189
18531	4	-2.1885368824005127
18531	5	-2.169910192489624
18531	6	-1.678482174873352
18531	7	-0.25767776370048523
18552	0	-1.9632230997085571
18552	1	-2.060458183288574
18552	2	-1.0440523624420166
18552	3	0.21980461478233337
18552	4	-0.7171761989593506
18552	5	1.7679359912872314
18552	6	-2.1885368824005127
18552	7	-1.2537062168121338
18571	0	-2.131877899169922
18571	1	-2.224937915802002
18571	2	-1.6568090915679932
18571	3	-1.9998819828033447
18571	4	-2.037914276123047
18571	5	-1.9164925813674927
18571	6	-2.169910192489624
18571	7	0.8594322204589844
18571	8	0.8594322204589844
18571	9	0.9148730039596558
18571	10	0.9148730039596558
18571	11	0.9148730039596558
18571	12	0.9148730039596558
18571	13	0.8594322204589844
18571	14	-2.3249378204345703
18571	15	-0.25842854380607605
18571	16	1.6894053220748901
18571	17	-2.249191999435425
18571	18	0.8594322204589844
18571	19	-2.264282703399658
18571	20	-0.04627751186490059
18571	21	-0.739875316619873
18571	22	-2.169910192489624
18571	23	0.23690323531627655
18571	24	0.13760705292224884
18571	25	-1.369673252105713
18571	26	-0.17906031012535095
18571	27	1.4236806631088257
18574	0	-1.5584509372711182
18574	1	-2.1878514289855957
18574	2	-1.3934931755065918
18574	3	0.16026072204113007
18574	4	1.5015404224395752
18574	5	-0.0052439970895648
18574	6	-1.3137521743774414
18574	7	-1.0521959066390991
18574	8	-1.4083086252212524
18574	9	1.1890013217926025
18574	10	-0.8936784267425537
18574	11	-1.4248429536819458
18574	12	-0.30034539103507996
18574	13	-1.1710370779037476
18574	14	-0.30146417021751404
18574	15	1.8531025648117065
18574	16	0.10883451253175735
18574	17	-1.3154881000518799
18574	18	-0.3966652452945709
18574	19	-1.9208247661590576
18574	20	-0.1960039883852005
18574	21	0.3571244478225708
18574	22	0.4664914906024933
18574	23	-0.40662598609924316
18574	24	0.5633577108383179
18574	25	-1.6721739768981934
18574	26	-2.1878514289855957
18574	27	0.5277280211448669
18574	28	-0.10828030109405518
18574	29	-0.9361236691474915
18574	30	-2.2064781188964844
18574	31	-2.2064781188964844
18574	32	-2.1878514289855957
18574	33	-2.2064781188964844
18574	34	-2.1878514289855957
18574	35	-1.2636692523956299
18574	36	-1.75556218624115
18574	37	-1.3878693580627441
18574	38	-1.3793190717697144
18574	39	-1.3228989839553833
18574	40	-1.260477900505066
18574	41	-1.948240876197815
18574	42	-1.75556218624115
18574	43	1.0517890453338623
18574	44	-1.6357558965682983
18574	45	0.32826822996139526
18574	46	-2.2064781188964844
18574	47	-0.9759581685066223
18574	48	0.8015567660331726
18574	49	-2.2064781188964844
18574	50	-0.6527808308601379
18574	51	-2.2064781188964844
18574	52	-2.2064781188964844
18574	53	-1.6782641410827637
18574	54	0.8815249800682068
18574	55	-2.2064781188964844
18574	56	0.5034416913986206
18574	57	-0.02545993961393833
18574	58	-2.1505045890808105
18574	59	-1.8599134683609009
18574	60	1.5015404224395752
18574	61	0.4617869555950165
18574	62	0.9085286855697632
18574	63	-2.1878514289855957
18574	64	-2.2064781188964844
18574	65	-2.1878514289855957
18574	66	-0.11116291582584381
18574	67	-1.1351710557937622
18574	68	-0.39982369542121887
18574	69	-2.2064781188964844
18574	70	-2.2064781188964844
18574	71	-2.1878514289855957
18574	72	-2.2064781188964844
18574	73	-1.8240406513214111
18574	74	-0.8332576155662537
18574	75	-0.252090722322464
18574	76	-2.1878514289855957
18574	77	-0.5490761995315552
18574	78	1.2789963483810425
18574	79	-0.8440762162208557
18574	80	-0.888744592666626
18574	81	-1.058179497718811
18574	82	-2.0963358879089355
18574	83	-1.757162094116211
18574	84	-1.163720726966858
18574	85	-1.3096674680709839
18574	86	-2.2428791522979736
18574	87	-1.6317086219787598
18574	88	-2.1878514289855957
18574	89	-0.1313239336013794
18574	90	-0.5271176695823669
18574	91	-0.8720719218254089
18574	92	-0.6798600554466248
18574	93	-1.644757866859436
18574	94	-0.3760456442832947
18574	95	0.4438798725605011
18574	96	0.1557096242904663
18574	97	-0.4618183672428131
18574	98	-1.031856656074524
18574	99	-2.169910192489624
18574	100	-2.0963358879089355
18574	101	-2.0963358879089355
18574	102	-1.7511248588562012
18574	103	-0.1994059681892395
18574	104	-1.0355932712554932
18574	105	-2.1878514289855957
18574	106	-0.15150968730449677
18574	107	-0.7446234822273254
18574	108	0.075043685734272
18574	109	-0.024674130603671074
18574	110	-1.0998989343643188
18574	111	-0.31974661350250244
18574	112	0.4306177794933319
18574	113	-0.23404459655284882
18574	114	-2.2064781188964844
18574	115	0.005122398026287556
18574	116	0.05911003798246384
18577	0	-1.851762056350708
18577	1	-1.2956863641738892
18577	2	-0.7834548354148865
18577	3	-1.7089868783950806
18577	4	-1.0500458478927612
18577	5	-2.1505045890808105
18577	6	-2.1505045890808105
18577	7	-0.5282614231109619
18577	8	-0.22119493782520294
18577	9	-2.0280723571777344
18577	10	-1.8430930376052856
18577	11	0.32895427942276
18577	12	-2.106173038482666
18577	13	0.9633408784866333
18577	14	0.8086820840835571
18577	15	1.0107510089874268
18599	0	-2.121330499649048
18599	1	-1.9095345735549927
18599	2	-1.8474427461624146
18599	3	-2.1505045890808105
18599	4	-2.131877899169922
18599	5	-1.394421100616455
18599	6	1.9848750829696655
18599	7	-2.1505045890808105
18599	8	-2.1869056224823
18599	9	-2.079084873199463
18599	10	-0.3931913673877716
18599	11	-1.2214033603668213
18599	12	0.3006567656993866
18599	13	0.5996066927909851
18599	14	-0.20042775571346283
18603	0	-2.1878514289855957
18603	1	0.3153245449066162
18603	2	-1.8724994659423828
18603	3	0.7653801441192627
18603	4	-2.169910192489624
18603	5	-2.1885368824005127
18603	6	-0.09019719809293747
18603	7	-0.13322392106056213
18626	0	-0.5891532897949219
18626	1	-1.7012265920639038
18626	2	-1.6379090547561646
18626	3	0.8940397500991821
18626	4	-2.0140492916107178
18626	5	-2.0897045135498047
18626	6	-2.169910192489624
18626	7	0.17780768871307373
18629	0	-1.2967931032180786
18629	1	-2.1885368824005127
18629	2	-2.224937915802002
18629	3	-2.1885368824005127
18629	4	1.9670783281326294
18629	5	1.3630237579345703
18629	6	-2.1505045890808105
18629	7	0.9257664680480957
18629	8	0.9963873624801636
18629	9	0.058832328766584396
18629	10	-0.771111011505127
18629	11	0.6380577683448792
18629	12	1.0478349924087524
18629	13	1.1145925521850586
18629	14	1.8202353715896606
18629	15	-2.131877899169922
18631	0	-1.1529762744903564
18631	1	-0.2886441648006439
18631	2	-0.5072712302207947
18631	3	1.690108060836792
18631	4	-2.1885368824005127
18631	5	2.014622926712036
18631	6	1.502368450164795
18631	7	-1.4561896324157715
18631	8	-2.1505045890808105
18631	9	-0.7387170195579529
18631	10	-0.8321158289909363
18631	11	0.5778758525848389
18631	12	-1.780177354812622
18631	13	-0.09029970318078995
18631	14	-0.43254998326301575
18638	0	-2.037914276123047
18638	1	-2.1169722080230713
18638	2	-0.38387662172317505
18638	3	-1.6453269720077515
18638	4	-2.1885368824005127
18638	5	-0.758144199848175
18638	6	-0.956251323223114
18638	7	-0.45500659942626953
18648	0	-2.108246326446533
18648	1	-2.131877899169922
18648	2	-1.8744375705718994
18648	3	-2.131877899169922
18648	4	1.5610804557800293
18648	5	0.6364291906356812
18648	6	1.037131905555725
18648	7	-2.169910192489624
18662	0	1.1279994249343872
18662	1	-2.1550045013427734
18662	2	1.6398330926895142
18662	3	1.764710783958435
18662	4	-2.131877899169922
18662	5	-0.3048737347126007
18662	6	-2.169910192489624
18662	7	1.4302853345870972
18686	0	1.0011382102966309
18686	1	-1.8474427461624146
18686	2	-1.6782045364379883
18686	3	-1.5242061614990234
18686	4	-0.5945486426353455
18686	5	-2.131877899169922
18686	6	-0.5301859974861145
18686	7	-1.8474427461624146
18699	0	-2.0313899517059326
18699	1	-1.9451441764831543
18699	2	-2.1505045890808105
18699	3	-1.837592601776123
18699	4	-0.20479987561702728
18699	5	-2.1885368824005127
18699	6	0.36971089243888855
18714	0	-2.169910192489624
18714	1	-2.052123546600342
18714	2	0.33639103174209595
18714	3	-2.1885368824005127
18714	4	-0.09333794564008713
18714	5	1.667261004447937
18714	6	-1.353043794631958
18714	7	0.36559543013572693
18714	8	0.0953911766409874
18714	9	0.25345057249069214
18714	10	-0.01333986409008503
18714	11	-0.1133599504828453
18714	12	0.0019952082075178623
18714	13	-2.169910192489624
18714	14	1.6167174577713013
18714	15	-0.043744660913944244
18731	0	-1.154995322227478
18731	1	-2.0093588829040527
18731	2	1.4799073934555054
18731	3	-2.175971031188965
18731	4	-2.175971031188965
18731	5	0.3200853765010834
18731	6	-0.7740909457206726
18731	7	-0.6825845241546631
18733	0	0.9087697267532349
18733	1	0.2709841728210449
18733	2	-2.0558555126190186
18733	3	-0.9797350764274597
18733	4	1.2837181091308594
18733	5	-2.078394651412964
18733	6	-0.27429094910621643
18733	7	-2.172945737838745
18738	0	-2.1550045013427734
18738	1	-1.7595796585083008
18738	2	0.4257810413837433
18738	3	-2.1885368824005127
18738	4	-1.6569169759750366
18738	5	-2.169910192489624
18738	6	-0.4952428936958313
18738	7	-1.7963709831237793
18738	8	-1.4330501556396484
18738	9	-1.3374513387680054
18738	10	0.24241051077842712
18738	11	-2.138810157775879
18738	12	-1.9014029502868652
18738	13	-1.417521595954895
18738	14	0.6423448324203491
18738	15	-1.0940227508544922
18765	0	-2.1169722080230713
18765	1	1.351151466369629
18765	2	-0.4508613348007202
18765	3	-0.6873723268508911
18765	4	-0.1396956443786621
18765	5	-1.618423342704773
18765	6	-1.1491332054138184
18767	0	-2.1169722080230713
18767	1	-0.0025196559727191925
18767	2	-0.15393708646297455
18767	3	0.6005815267562866
18767	4	-2.1885368824005127
18767	5	0.8803211450576782
18767	6	-0.9508116841316223
18767	7	0.1447370946407318
18774	0	-1.4372392892837524
18774	1	-2.1885368824005127
18774	2	-1.049620270729065
18774	3	-0.4831211566925049
18774	4	0.17306047677993774
18774	5	-1.2896475791931152
18774	6	-1.6323322057724
18774	7	-0.4560147523880005
18774	8	-2.1885368824005127
18774	9	-1.39456307888031
18774	10	-1.9660861492156982
18774	11	-2.1885368824005127
18774	12	-2.1885368824005127
18774	13	-1.679724931716919
18774	14	-1.2333416938781738
18774	15	-1.4271588325500488
18806	0	-2.1869056224823
18806	1	-2.1169722080230713
18806	2	-2.1505045890808105
18806	3	0.7610800266265869
18806	4	-2.1505045890808105
18806	5	-1.774171233177185
18806	6	-2.1505045890808105
18806	7	0.35290923714637756
18822	0	-2.1869056224823
18822	1	-0.7444577217102051
18822	2	0.03267642483115196
18822	3	-1.862281322479248
18822	4	1.7759588956832886
18822	5	-2.13559889793396
18822	6	0.1633562594652176
18822	7	-1.329188585281372
18826	0	-2.173631191253662
18826	1	-2.1399571895599365
18826	2	-0.5664437413215637
18826	3	0.12444861233234406
18826	4	-0.7375168800354004
18826	5	-0.23420719802379608
18826	6	-0.25903555750846863
18826	7	1.695799708366394
18826	8	0.1620049625635147
18826	9	-0.19595129787921906
18826	10	-0.6314370036125183
18826	11	-0.23982010781764984
18826	12	-1.4922598600387573
18826	13	-1.0625180006027222
18826	14	0.5633471608161926
18826	15	-0.640524685382843
18826	16	-0.4626026749610901
18826	17	-2.1885368824005127
18826	18	-2.1885368824005127
18826	19	-0.23244327306747437
18826	20	-0.2652859389781952
18826	21	-0.11254142224788666
18826	22	-0.503637969493866
18826	23	-0.5820404291152954
18826	24	-1.7511446475982666
18826	25	2.219923973083496
18826	26	0.5788610577583313
18826	27	-1.105181097984314
18826	28	-0.7549193501472473
18826	29	-1.4771894216537476
18826	30	-2.169910192489624
18826	31	-2.169910192489624
18838	0	-2.131877899169922
18838	1	-1.432919979095459
18838	2	-0.7705214619636536
18838	3	1.025420069694519
18838	4	-1.7578264474868774
18838	5	0.6353772878646851
18838	6	-1.5891212224960327
18838	7	0.604598879814148
18838	8	-2.055642604827881
18838	9	-0.09175694733858109
18838	10	-1.0233956575393677
18838	11	-1.3215487003326416
18838	12	-2.1885368824005127
18838	13	-1.7101737260818481
18838	14	-0.8892506957054138
18838	15	-1.3402726650238037
18844	0	-2.1169722080230713
18844	1	-1.9998819828033447
18844	2	1.8944144248962402
18844	3	-1.2222175598144531
18844	4	0.3354623317718506
18844	5	-1.505455732345581
18844	6	-1.3431806564331055
18844	7	-1.2886855602264404
18844	8	-1.8904407024383545
18844	9	-2.130058526992798
18844	10	-1.9390817880630493
18844	11	-1.9390817880630493
18844	12	-2.012092351913452
18844	13	-1.3431806564331055
18844	14	-1.2886855602264404
18844	15	-2.061811685562134
18844	16	-2.061811685562134
18844	17	-1.3279954195022583
18844	18	1.4456173181533813
18844	19	-2.130058526992798
18844	20	-2.0002269744873047
18844	21	-1.5233497619628906
18844	22	-0.42995017766952515
18844	23	-2.1885368824005127
18844	24	-0.11596672236919403
18844	25	1.306268334388733
18844	26	0.2452160120010376
18844	27	-2.1885368824005127
18844	28	-2.1885368824005127
18844	29	-0.19700214266777039
18844	30	-0.42469361424446106
18853	0	-2.13559889793396
18853	1	0.24153384566307068
18853	2	0.9634125828742981
18853	3	-1.2633998394012451
18853	4	-2.1885368824005127
18853	5	-0.2959040701389313
18853	6	-0.2885594964027405
18853	7	-1.9282488822937012
18853	8	-0.10719458758831024
18853	9	7.344782934524119E-4
18853	10	-2.169910192489624
18853	11	-2.1885368824005127
18853	12	-2.169910192489624
18853	13	-0.19950830936431885
18853	14	-0.19930540025234222
18889	0	1.753519892692566
18889	1	-1.8697032928466797
18889	2	-2.121330499649048
18889	3	-1.9576882123947144
18889	4	-1.6422094106674194
18889	5	-2.2435646057128906
18910	0	-2.1550045013427734
18910	1	-2.1885368824005127
18910	2	-0.015177203342318535
18910	3	0.5044639706611633
18910	4	0.4723101258277893
18910	5	-1.5840411186218262
18910	6	-1.3575929403305054
18910	7	-1.3561068773269653
18910	8	-2.1885368824005127
18910	9	1.5735806226730347
18910	10	-0.06434039026498795
18910	11	-0.7720448970794678
18910	12	-1.672425389289856
18910	13	1.4055508375167847
18910	14	-2.1885368824005127
18910	15	-0.47526586055755615
18910	16	-2.1885368824005127
18910	17	-1.938801884651184
18910	18	-2.175971031188965
18910	19	1.0837430953979492
18910	20	1.5502707958221436
18910	21	-1.5840411186218262
18910	22	-0.017029384151101112
18910	23	-0.5370049476623535
18910	24	-1.2155181169509888
18910	25	-0.8133747577667236
18910	26	-0.7881260514259338
18910	27	-1.329377293586731
18910	28	0.13258571922779083
18910	29	-0.3851426839828491
18910	30	0.1661105453968048
18919	0	-1.3892782926559448
18919	1	-2.169910192489624
18919	2	-0.06013958901166916
18919	3	0.04957863688468933
18919	4	-1.6220462322235107
18919	5	-2.175971031188965
18919	6	-2.068127155303955
18919	7	0.5931407809257507
18919	8	1.0124489068984985
18919	9	-1.3586775064468384
18919	10	-2.1885368824005127
18919	11	-2.006974935531616
18919	12	-2.006974935531616
18919	13	-1.8418580293655396
18919	14	0.598527729511261
18930	0	-0.34043586254119873
18930	1	-1.2856732606887817
18930	2	-0.043385595083236694
18930	3	-0.2061213105916977
18930	4	-1.6605409383773804
18930	5	0.9255072474479675
18930	6	-1.6826348304748535
18930	7	-1.302152156829834
18930	8	-1.905727744102478
18930	9	0.18874287605285645
18930	10	-1.1821788549423218
18930	11	-0.9617394804954529
18930	12	-2.1082828044891357
18930	13	-1.860142469406128
18930	14	-1.8023277521133423
18930	15	-1.535760521888733
18960	0	-0.012454944662749767
18960	1	0.41709086298942566
18960	2	1.3434937000274658
18960	3	-2.0832982063293457
18960	4	-1.7222696542739868
18960	5	-2.131877899169922
18960	6	0.17269553244113922
18960	7	-1.0565038919448853
18960	8	0.6578174829483032
18960	9	-2.1505045890808105
18960	10	1.0064473152160645
18960	11	-1.9200295209884644
18960	12	-2.1505045890808105
18960	13	-2.1885368824005127
18960	14	-2.1885368824005127
18960	15	0.19107086956501007
18963	0	-1.378365397453308
18963	1	-1.5821884870529175
18963	2	1.1863064765930176
18963	3	-0.186849445104599
18963	4	1.0238816738128662
18963	5	-0.7203141450881958
18963	6	-0.6905468702316284
18963	7	-0.03724926710128784
18963	8	0.023625299334526062
18963	9	0.06285344809293747
18963	10	-0.6508667469024658
18963	11	-2.131877899169922
18963	12	-1.9307998418807983
18963	13	-1.2807331085205078
18963	14	-1.3584376573562622
18963	15	-0.3163363039493561
18963	16	-0.25138548016548157
18963	17	-1.8372321128845215
18963	18	-1.8372321128845215
18963	19	-2.083887815475464
18963	20	-1.9307998418807983
18963	21	-1.7127902507781982
18963	22	-2.1505045890808105
18963	23	-0.6724082827568054
18963	24	-0.6724082827568054
18963	25	-0.0373123399913311
18963	26	-0.186849445104599
18963	27	0.14435508847236633
18963	28	-2.131877899169922
18963	29	-1.0166881084442139
18963	30	-1.0940519571304321
18979	0	0.00468836072832346
18979	1	-0.083493173122406
18979	2	-0.21907253563404083
18979	3	-0.04519328102469444
18979	4	2.0128355026245117
18979	5	-0.3677976131439209
18979	6	-0.03534813970327377
18979	7	0.006679748184978962
18979	8	-1.3889895677566528
18979	9	-0.302700936794281
18979	10	-2.0700647830963135
18979	11	-1.9162988662719727
18979	12	-2.2064781188964844
18979	13	-2.2064781188964844
18979	14	-1.1337289810180664
18979	15	-0.06554580479860306
18985	0	-0.9888665080070496
18985	1	-1.3010201454162598
18985	2	0.09677183628082275
18985	3	-0.2202693372964859
18985	4	-0.9380189776420593
18985	5	-2.1505045890808105
18985	6	0.42686235904693604
18985	7	-2.1869056224823
18995	0	-1.0710161924362183
18995	1	1.380990982055664
18995	2	1.1854348182678223
18995	3	-0.4966330826282501
18995	4	-0.19123533368110657
18995	5	-0.571212649345398
18995	6	-2.169910192489624
18995	7	1.5049517154693604
18995	8	0.8429139256477356
18995	9	-1.640568733215332
18995	10	-1.2715263366699219
18995	11	1.001728892326355
18995	12	0.9348270893096924
18995	13	-2.1885368824005127
18995	14	-0.5607485771179199
18995	15	-1.1861681938171387
18995	16	-2.1885368824005127
18995	17	-2.0376882553100586
18995	18	1.06260085105896
18995	19	0.5111421346664429
18995	20	0.9763342142105103
18995	21	0.04338037222623825
18995	22	-0.8408969044685364
18995	23	-0.6445053219795227
18995	24	-2.1885368824005127
18995	25	-2.1885368824005127
18995	26	0.15547217428684235
18995	27	0.4892311096191406
18995	28	-1.9574910402297974
18995	29	-1.9574910402297974
18995	30	-0.6618948578834534
18995	31	-0.2802577614784241
18995	32	-0.636741042137146
18995	33	-0.5607485771179199
18995	34	-0.267135888338089
18995	35	-0.22618085145950317
18995	36	0.22418560087680817
18995	37	-0.18779882788658142
18995	38	0.443281888961792
18995	39	-0.2802577614784241
18995	40	-1.0940396785736084
18995	41	-0.28929319977760315
18995	42	-1.011048436164856
18995	43	-1.0610555410385132
18995	44	-2.1885368824005127
18995	45	-2.1885368824005127
18995	46	0.17815132439136505
18995	47	-0.6274113655090332
18995	48	-0.8210111856460571
18995	49	-0.32169613242149353
18995	50	-2.043144464492798
18995	51	0.30049997568130493
18995	52	0.3317325711250305
18995	53	-0.4281257688999176
18995	54	-2.1885368824005127
18995	55	-1.1663790941238403
18996	0	-2.2111597061157227
18996	1	-0.4639045000076294
18996	2	-2.1885368824005127
18996	3	-0.9919260740280151
18996	4	-1.694277286529541
18996	5	0.0425836443901062
18996	6	-1.435235857963562
18996	7	-0.20099857449531555
18996	8	0.9958580136299133
18996	9	-1.599155306816101
18996	10	0.2241034209728241
18996	11	-0.032912928611040115
18996	12	0.41562768816947937
18996	13	0.7460834980010986
18996	14	0.23099716007709503
19003	0	-0.043001797050237656
19003	1	-0.7343257069587708
19003	2	0.8825789093971252
19003	3	-2.1885368824005127
19003	4	-0.5181328654289246
19003	5	1.897674798965454
19003	6	-0.029285259544849396
19003	7	-1.3421746492385864
19034	0	-0.7648417949676514
19034	1	1.5295355319976807
19034	2	-2.1885368824005127
19034	3	-1.4850724935531616
19034	4	-2.1885368824005127
19034	5	-0.9233592748641968
19034	6	-0.41026678681373596
19034	7	-0.17034760117530823
19034	8	-1.3651245832443237
19034	9	-0.5088320970535278
19034	10	0.8245530724525452
19034	11	-1.295307993888855
19034	12	0.017486250028014183
19034	13	-0.1993885189294815
19034	14	-1.02191960811615
19034	15	0.8346408605575562
19041	0	1.8734989166259766
19041	1	0.30782121419906616
19041	2	-2.078394651412964
19041	3	-2.173631191253662
19041	4	-0.33617228269577026
19041	5	0.18334725499153137
19041	6	0.374169260263443
19041	7	0.5656318664550781
19042	0	-2.121330499649048
19042	1	-1.37287175655365
19042	2	-2.169910192489624
19042	3	-0.260191410779953
19042	4	-2.169910192489624
19042	5	-1.6389902830123901
19042	6	0.6005436182022095
19042	7	-2.2435646057128906
19042	8	-2.1399571895599365
19042	9	-1.7190179824829102
19042	10	-1.890588402748108
19042	11	-1.9745585918426514
19042	12	-2.1885368824005127
19042	13	-1.5488641262054443
19042	14	-1.3095020055770874
19042	15	-1.4673151969909668
19042	16	0.5913371443748474
19042	17	-1.8301280736923218
19042	18	0.48735469579696655
19042	19	-1.0098779201507568
19042	20	-1.066232442855835
19042	21	-0.7091670632362366
19042	22	-1.5704587697982788
19042	23	-2.169910192489624
19042	24	-1.6351892948150635
19042	25	-1.5991618633270264
19042	26	-2.1392717361450195
19042	27	-1.5297731161117554
19042	28	-2.169910192489624
19042	29	-0.6001795530319214
19042	30	-2.169910192489624
19059	0	-2.131877899169922
19059	1	-1.6851073503494263
19059	2	-1.8535574674606323
19059	3	-2.0821664333343506
19059	4	-2.0821664333343506
19059	5	0.7906607389450073
19059	6	0.07673531025648117
19059	7	-1.8996422290802002
19059	8	-1.940348744392395
19059	9	-2.033916473388672
19059	10	-1.6652101278305054
19059	11	-0.7104412317276001
19059	12	-1.637429118156433
19059	13	-0.38810113072395325
19059	14	0.7176010608673096
19059	15	0.07673531025648117
19059	16	-1.7335097789764404
19059	17	-1.637049913406372
19059	18	-2.169910192489624
19059	19	-2.063539743423462
19059	20	1.1240705251693726
19059	21	0.5952262878417969
19059	22	0.2818763256072998
19059	23	-0.8599069118499756
19059	24	-0.8699623942375183
19059	25	-2.063539743423462
19059	26	-2.1550045013427734
19059	27	-2.012092351913452
19097	0	-0.7605940103530884
19097	1	-0.8795804381370544
19097	2	-1.4025746583938599
19097	3	-1.429961919784546
19097	4	0.27810341119766235
19097	5	0.07712561637163162
19097	6	-1.299004077911377
19097	7	-2.1505045890808105
19097	8	-1.664547085762024
19097	9	-2.1505045890808105
19097	10	-1.8920958042144775
19097	11	-2.079084873199463
19097	12	-0.6517894864082336
19097	13	-1.269739031791687
19097	14	-2.1885368824005127
19097	15	-1.7792794704437256
19097	16	-0.7053355574607849
19097	17	-1.0137202739715576
19097	18	0.702498197555542
19097	19	-1.7310914993286133
19097	20	-2.0214781761169434
19097	21	-1.1447075605392456
19097	22	-1.1447075605392456
19097	23	-2.037914276123047
19097	24	-1.2525700330734253
19097	25	-2.1885368824005127
19097	26	-0.7727482318878174
19097	27	-2.169910192489624
19097	28	0.2592490017414093
19097	29	0.6932249665260315
19097	30	-0.8225283622741699
19097	31	-2.169910192489624
19099	0	-2.131877899169922
19099	1	-1.2817732095718384
19099	2	-1.1203103065490723
19099	3	-1.4605273008346558
19099	4	-1.714789628982544
19099	5	-1.7188501358032227
19099	6	0.6576345562934875
19099	7	-0.7472274899482727
19101	0	-2.1885368824005127
19101	1	-0.1914939284324646
19101	2	1.5799576044082642
19101	3	0.6287510395050049
19101	4	-0.7266123294830322
19101	5	-0.9156566858291626
19101	6	0.5424906611442566
19101	7	0.28057941794395447
19108	0	-2.1885368824005127
19108	1	-2.1885368824005127
19108	2	0.6103260517120361
19108	3	1.561170220375061
19108	4	-1.0654853582382202
19108	5	-1.151670217514038
19108	6	-2.169910192489624
19108	7	-0.5295517444610596
19116	0	-1.269790768623352
19116	1	-0.13184572756290436
19116	2	-1.0777535438537598
19116	3	-1.5078620910644531
19116	4	-0.13875660300254822
19116	5	-1.2242532968521118
19116	6	-1.5091242790222168
19116	7	-0.190569207072258
19116	8	0.021988069638609886
19116	9	-0.3262479901313782
19116	10	1.2538321018218994
19116	11	-0.04737967997789383
19116	12	-0.3905520737171173
19116	13	0.19615016877651215
19116	14	-2.1885368824005127
19116	15	-0.08277805149555206
19116	16	-1.7274467945098877
19116	17	0.3112949728965759
19116	18	0.13418740034103394
19116	19	-0.5129519701004028
19116	20	-1.3050092458724976
19116	21	-0.02252100594341755
19116	22	-0.6238248944282532
19116	23	1.938081979751587
19116	24	-0.5742062926292419
19116	25	0.29894140362739563
19116	26	0.025653505697846413
19116	27	0.02055451087653637
19116	28	0.033615466207265854
19116	29	-1.895870566368103
19116	30	-0.2699717879295349
19116	31	1.4026952981948853
19116	32	0.03911459818482399
19116	33	0.03589950129389763
19116	34	-0.9421101808547974
19116	35	-2.022641897201538
19116	36	-0.33851155638694763
19116	37	-0.015887975692749023
19116	38	-0.9421101808547974
19116	39	-0.4369724690914154
19116	40	-0.010388829745352268
19116	41	-0.19444333016872406
19116	42	0.025653505697846413
19116	43	1.7579461336135864
19116	44	1.784139633178711
19116	45	-0.21867723762989044
19116	46	1.1444631814956665
19116	47	0.2618767321109772
19116	48	0.15802983939647675
19116	49	-0.9745578765869141
19116	50	-1.6198036670684814
19116	51	-1.9676140546798706
19116	52	-2.169910192489624
19116	53	-2.1885368824005127
19116	54	-2.1885368824005127
19116	55	0.10522380471229553
19116	56	0.3708817958831787
19116	57	-2.1885368824005127
19116	58	-2.1885368824005127
19116	59	-1.9323334693908691
19116	60	-1.9676140546798706
19116	61	-2.1885368824005127
19116	62	-2.1885368824005127
19116	63	-2.169910192489624
19116	64	-2.1885368824005127
19116	65	-1.9862406253814697
19116	66	-1.6930079460144043
19116	67	-2.1885368824005127
19116	68	-2.1885368824005127
19116	69	-1.121437668800354
19116	70	-2.033916473388672
19116	71	-0.39339378476142883
19116	72	-2.1885368824005127
19116	73	-1.1569093465805054
19116	74	-2.033916473388672
19116	75	-2.1885368824005127
19116	76	-2.1885368824005127
19116	77	-1.618238091468811
19116	78	-2.1885368824005127
19116	79	-2.1885368824005127
19116	80	-2.033916473388672
19116	81	-0.3977549374103546
19116	82	-0.13184572756290436
19116	83	-1.3417479991912842
19116	84	-0.2225039154291153
19116	85	-0.37710827589035034
19116	86	-0.5399370193481445
19116	87	1.9521509408950806
19116	88	-0.8499561548233032
19116	89	-0.6238248944282532
19116	90	1.177587866783142
19116	91	-0.9620979428291321
19116	92	1.7597543001174927
19116	93	0.6427366733551025
19116	94	-2.0703794956207275
19116	95	-0.15337249636650085
19116	96	-0.9033694267272949
19116	97	-0.23532049357891083
19116	98	-0.8540605306625366
19116	99	-2.169910192489624
19116	100	-0.9033694267272949
19116	101	-0.9213106632232666
19116	102	-1.5790818929672241
19116	103	-0.9213106632232666
19116	104	-1.9676140546798706
19116	105	-2.1885368824005127
19116	106	-0.9033694267272949
19116	107	-0.42237216234207153
19116	108	-0.9033694267272949
19116	109	-0.9033694267272949
19116	110	-0.216945618391037
19116	111	-0.8806248903274536
19116	112	-2.078394651412964
19116	113	-0.9213106632232666
19116	114	-1.6605409383773804
19121	0	-2.1019248962402344
19121	1	-1.7119884490966797
19121	2	-1.6149014234542847
19121	3	-2.121330499649048
19121	4	-1.3069456815719604
19121	5	-1.0026196241378784
19121	6	-2.1505045890808105
19121	7	-0.7684392333030701
19121	8	-0.9186797738075256
19121	9	-2.1885368824005127
19121	10	-0.800193190574646
19121	11	-0.7677352428436279
19121	12	0.0413704439997673
19121	13	-2.1885368824005127
19121	14	-2.1885368824005127
19121	15	-2.1885368824005127
19121	16	-2.1885368824005127
19121	17	-2.1885368824005127
19121	18	-2.1505045890808105
19121	19	-0.8982725739479065
19121	20	-1.0131871700286865
19121	21	-2.1885368824005127
19121	22	-1.950559377670288
19121	23	-2.169910192489624
19121	24	-2.131877899169922
19121	25	-1.7109124660491943
19121	26	0.9585848450660706
19121	27	-1.9758813381195068
19121	28	-2.1885368824005127
19121	29	-2.131877899169922
19121	30	-2.1885368824005127
19121	31	-2.1885368824005127
19121	32	-2.169910192489624
19121	33	-0.8525309562683105
19121	34	-1.2424174547195435
19121	35	-0.6968251466751099
19121	36	0.3089911937713623
19121	37	-1.8942639827728271
19121	38	-0.9994218349456787
19121	39	0.18786866962909698
19121	40	-1.7012265920639038
19121	41	-1.5297731161117554
19121	42	-0.8626836538314819
19121	43	-1.1001783609390259
19121	44	-0.06481388211250305
19121	45	-2.1885368824005127
19121	46	-0.8626836538314819
19121	47	-0.06481388211250305
19121	48	-1.4057697057724
19121	49	0.1716260313987732
19121	50	0.1716260313987732
19121	51	-0.8720017671585083
19121	52	1.0296800136566162
19121	53	-0.8720017671585083
19121	54	0.5569329857826233
19121	55	0.9391884207725525
19121	56	1.202262282371521
19128	0	-1.3899003267288208
19128	1	-1.1016803979873657
19128	2	-1.8030736446380615
19128	3	1.379716396331787
19128	4	-1.4435940980911255
19128	5	-1.9121732711791992
19128	6	0.958003580570221
19128	7	-1.4518013000488281
19128	8	-2.2064781188964844
19128	9	-2.1878514289855957
19128	10	-0.9461036920547485
19128	11	-0.9997955560684204
19140	0	-2.224937915802002
19140	1	1.2977769374847412
19140	2	-2.1885368824005127
19140	3	-0.22920410335063934
19140	4	-0.1931738555431366
19140	5	-2.169910192489624
19140	6	0.08255331963300705
19140	7	1.2593097686767578
19153	0	0.9689548015594482
19153	1	0.6730479598045349
19153	2	-2.224937915802002
19153	3	-2.1885368824005127
19153	4	0.10385993123054504
19153	5	0.10270166397094727
19153	6	-1.678482174873352
19153	7	1.6050666570663452
19174	0	1.5409482717514038
19174	1	0.8450359106063843
19174	2	0.22255182266235352
19174	3	0.9294677376747131
19174	4	0.0013276757672429085
19174	5	1.2012442350387573
19174	6	1.6729850769042969
19174	7	-2.2309987545013428
19182	0	-1.1779519319534302
19182	1	0.8252663016319275
19182	2	-1.3531211614608765
19182	3	0.9182946085929871
19182	4	1.073509693145752
19182	5	-0.22151963412761688
19182	6	-2.249191999435425
19182	7	-1.7403827905654907
19182	8	-2.1885368824005127
19182	9	-1.726890206336975
19182	10	-2.1885368824005127
19182	11	-2.1885368824005127
19182	12	-0.0966753363609314
19182	13	0.176494300365448
19182	14	-1.7926311492919922
19186	0	-2.131877899169922
19186	1	-0.440961629152298
19186	2	0.2870265245437622
19186	3	-1.3211567401885986
19186	4	-0.620231568813324
19186	5	-2.169910192489624
19186	6	-1.457961082458496
19193	0	-2.1885368824005127
19193	1	-2.1550045013427734
19193	2	1.281247615814209
19193	3	0.22464992105960846
19193	4	0.22464992105960846
19193	5	0.9636771082878113
19193	6	-0.831965982913971
19193	7	-0.4113350510597229
19216	0	-1.3297197818756104
19216	1	-0.5148600935935974
19216	2	-2.1885368824005127
19216	3	-0.7623844742774963
19216	4	-1.8352127075195312
19216	5	-1.2564548254013062
19216	6	-1.7400113344192505
19216	7	0.25965771079063416
19216	8	-1.5871293544769287
19216	9	-1.0561192035675049
19216	10	-2.1885368824005127
19216	11	-2.1426243782043457
19216	12	0.7060929536819458
19216	13	-0.7108860015869141
19216	14	-1.1387505531311035
19236	0	-1.8474427461624146
19236	1	-2.1869056224823
19236	2	0.8693929314613342
19236	3	-1.0771512985229492
19236	4	-0.9315200448036194
19236	5	-1.3753674030303955
19236	6	-2.169910192489624
19236	7	-2.136306047439575
19248	0	0.3132838308811188
19248	1	-0.8000026345252991
19248	2	-0.30268120765686035
19248	3	0.22910751402378082
19248	4	1.1023272275924683
19248	5	-2.169910192489624
19248	6	-2.072112560272217
19248	7	-2.131877899169922
19254	0	0.3262358009815216
19254	1	1.1031197309494019
19254	2	-1.9998819828033447
19254	3	1.7010893821716309
19254	4	0.6186882853507996
19254	5	-2.1885368824005127
19254	6	-1.644329309463501
19254	7	0.6268174052238464
19276	0	1.2535418272018433
19276	1	0.8888689279556274
19276	2	-1.7800556421279907
19276	3	-1.6875371932983398
19276	4	0.9586552381515503
19276	5	-1.7466691732406616
19276	6	-1.7089868783950806
19276	7	-1.9958841800689697
19276	8	-0.7274863123893738
19276	9	0.6334617733955383
19276	10	-1.9996559619903564
19276	11	-1.8194451332092285
19276	12	-1.8858214616775513
19276	13	-1.9282488822937012
19276	14	-2.131877899169922
19276	15	-2.131877899169922
19349	0	-2.1550045013427734
19349	1	-2.131877899169922
19349	2	-1.8474427461624146
19349	3	-2.131877899169922
19349	4	0.77626633644104
19349	5	-2.2055323123931885
19349	6	-0.19056487083435059
19349	7	-1.9530258178710938
19352	0	-0.866002082824707
19352	1	-1.0495736598968506
19352	2	1.0036307573318481
19352	3	-1.1310269832611084
19352	4	-0.4721287190914154
19352	5	-1.4023897647857666
19352	6	-1.9307998418807983
19352	7	1.68141770362854
19352	8	-2.1885368824005127
19352	9	-2.1885368824005127
19352	10	0.5959140658378601
19352	11	-1.6969070434570312
19352	12	-1.9698578119277954
19352	13	-2.131877899169922
19352	14	-1.6597672700881958
19352	15	-0.7016332149505615
19352	16	0.19454382359981537
19352	17	-1.4912009239196777
19352	18	0.893074631690979
19352	19	1.2909613847732544
19352	20	0.13017301261425018
19352	21	1.060639500617981
19352	22	0.13367845118045807
19352	23	0.41423991322517395
19352	24	-1.2002736330032349
19352	25	0.08398289978504181
19352	26	-0.9740814566612244
19352	27	0.10255314409732819
19352	28	-0.9620829820632935
19352	29	-0.7252802848815918
19352	30	-0.6442655324935913
19353	0	-1.394139051437378
19353	1	-2.1505045890808105
19353	2	-2.169910192489624
19353	3	-1.8535574674606323
19353	4	-2.169910192489624
19353	5	-1.9579111337661743
19353	6	-1.2152273654937744
19353	7	-2.1885368824005127
19353	8	-2.1885368824005127
19353	9	-2.1885368824005127
19353	10	-2.1885368824005127
19353	11	-2.173631191253662
19353	12	-1.812103509902954
19353	13	-0.01673598773777485
19353	14	-0.01673598773777485
19353	15	0.11049072444438934
19353	16	-0.1717679798603058
19353	17	-2.1885368824005127
19353	18	-2.169910192489624
19353	19	-0.5863885283470154
19353	20	-1.8497858047485352
19353	21	-2.033916473388672
19353	22	-2.033916473388672
19353	23	-2.1885368824005127
19353	24	-0.878011167049408
19353	25	-1.8497858047485352
19353	26	-1.0221272706985474
19353	27	-0.21696048974990845
19353	28	0.08217673003673553
19353	29	0.11049072444438934
19353	30	-0.7974218726158142
19353	31	-0.7974218726158142
19353	32	-0.7974218726158142
19353	33	-1.901444911956787
19353	34	-2.1885368824005127
19353	35	-2.1885368824005127
19353	36	-0.9298948645591736
19353	37	0.29492929577827454
19353	38	-2.1885368824005127
19353	39	-2.033916473388672
19353	40	-2.1885368824005127
19353	41	-2.1885368824005127
19353	42	-2.1885368824005127
19353	43	1.30390465259552
19353	44	-1.059809684753418
19353	45	0.18390855193138123
19353	46	-0.9748541712760925
19353	47	-1.7919297218322754
19353	48	-0.07837556302547455
19353	49	-0.7572472095489502
19353	50	-0.5366297960281372
19353	51	-1.2210206985473633
19353	52	-0.9748541712760925
19353	53	-1.9862406253814697
19353	54	-1.6121710538864136
19353	55	-1.2519055604934692
19353	56	-2.1885368824005127
19353	57	-2.1885368824005127
19353	58	-0.6371752619743347
19353	59	-1.2272545099258423
19353	60	-0.0016703493893146515
19353	61	-0.31558486819267273
19353	62	-2.169910192489624
19353	63	-0.56981360912323
19353	64	-2.1885368824005127
19353	65	-2.033916473388672
19353	66	1.0069706439971924
19353	67	-1.774171233177185
19353	68	-1.1919138431549072
19353	69	-2.169910192489624
19353	70	0.7183747291564941
19353	71	2.0892231464385986
19353	72	-1.8872737884521484
19353	73	0.3703429102897644
19353	74	-1.753186583518982
19353	75	-2.169910192489624
19353	76	-1.7581923007965088
19353	77	-2.2063803672790527
19353	78	1.0868792533874512
19353	79	-0.882185697555542
19353	80	-1.1521673202514648
19353	81	-2.1885368824005127
19353	82	-2.169910192489624
19353	83	-2.1885368824005127
19353	84	0.2178984433412552
19353	85	0.5611302852630615
19353	86	0.46426403522491455
19353	87	0.10430015623569489
19353	88	0.3455970287322998
19353	89	0.20116637647151947
19353	90	-0.5805041193962097
19353	91	0.3400234282016754
19353	92	-2.1885368824005127
19353	93	-1.0022871494293213
19353	94	-2.202608585357666
19353	95	-1.3056368827819824
19353	96	0.825375497341156
19353	97	-0.4321393072605133
19353	98	-1.8180878162384033
19353	99	-1.902883529663086
19353	100	-1.4348455667495728
19353	101	-0.5413479208946228
19353	102	-2.1885368824005127
19353	103	-1.2152273654937744
19353	104	-0.8626836538314819
19353	105	-0.4321393072605133
19353	106	-1.9543310403823853
19353	107	-0.4321393072605133
19353	108	-0.07165083289146423
19353	109	-2.169910192489624
19353	110	-2.169910192489624
19353	111	-2.169910192489624
19353	112	-1.808905839920044
19353	113	-1.4771894216537476
19353	114	-1.9543310403823853
19353	115	-1.902883529663086
19353	116	0.3400234282016754
19353	117	-2.1885368824005127
19353	118	-2.169910192489624
19356	0	1.4579776525497437
19356	1	-0.8833513855934143
19356	2	-1.1537442207336426
19356	3	-0.200519397854805
19356	4	-2.152681350708008
19356	5	0.7511594295501709
19356	6	-2.175971031188965
19356	7	-0.020946262404322624
19364	0	-2.173631191253662
19364	1	-2.001110076904297
19364	2	-0.883962869644165
19364	3	-1.9183688163757324
19364	4	0.0425836443901062
19364	5	-1.3870556354522705
19364	6	-0.5563525557518005
19364	7	-1.2677299976348877
19364	8	-0.7416936755180359
19364	9	-0.6747103929519653
19364	10	-0.0059760622680187225
19364	11	-0.2198280692100525
19364	12	-0.6338175535202026
19364	13	-0.47011831402778625
19364	14	0.25587746500968933
19370	0	-2.1169722080230713
19370	1	-0.5884702801704407
19370	2	1.022719144821167
19370	3	-1.6946277618408203
19370	4	-1.3327964544296265
19370	5	-0.33317509293556213
19370	6	-2.169910192489624
19371	0	-1.1425764560699463
19371	1	1.2874001264572144
19371	2	0.23889419436454773
19371	3	-2.169910192489624
19371	4	-0.7623249292373657
19371	5	-1.518092155456543
19371	6	-2.0984904766082764
19371	7	-1.7565418481826782
19372	0	-1.6268166303634644
19372	1	0.22069549560546875
19372	2	-0.22489580512046814
19372	3	1.0845446586608887
19372	4	-2.13559889793396
19372	5	-2.1885368824005127
19372	6	0.14665432274341583
19372	7	-0.6428308486938477
19383	0	-2.131877899169922
19383	1	-2.169910192489624
19383	2	-2.0026695728302
19383	3	-1.9010496139526367
19383	4	-2.1885368824005127
19383	5	-2.173631191253662
19383	6	-2.169910192489624
19383	7	1.5799576044082642
19383	8	-2.169910192489624
19383	9	-2.1885368824005127
19383	10	-1.9862406253814697
19383	11	-2.1885368824005127
19383	12	-0.20012065768241882
19383	13	-2.131877899169922
19383	14	-2.169910192489624
19383	15	-2.169910192489624
19390	0	0.1881236881017685
19390	1	-2.080561637878418
19390	2	-2.1869056224823
19390	3	-0.34796056151390076
19390	4	-2.1885368824005127
19390	5	0.9988856315612793
19390	6	0.15799389779567719
19390	7	0.730546772480011
19396	0	0.012450378388166428
19396	1	-0.740152895450592
19396	2	-1.9307998418807983
19396	3	0.6134957671165466
19396	4	-2.2055323123931885
19396	5	-0.1812051683664322
19396	6	-2.164771556854248
19396	7	1.1203596591949463
19396	8	-2.099491834640503
19396	9	0.4670196771621704
19396	10	-1.1645525693893433
19396	11	-2.131877899169922
19396	12	0.17272011935710907
19396	13	-1.940348744392395
19396	14	0.56397944688797
19400	0	-1.2397284507751465
19400	1	0.008746170438826084
19400	2	-1.0483887195587158
19400	3	-1.2070891857147217
19400	4	-2.242781400680542
19400	5	1.934890627861023
19400	6	-2.0034587383270264
19400	7	-1.9575461149215698
19413	0	-2.1505045890808105
19413	1	-1.309454321861267
19413	2	0.3772318661212921
19413	3	0.08396078646183014
19413	4	-2.1885368824005127
19413	5	-0.12375179678201675
19413	6	-2.13559889793396
19413	7	0.9925445318222046
19413	8	0.540565550327301
19413	9	1.0368366241455078
19413	10	0.46743738651275635
19413	11	-1.84940505027771
19413	12	-2.1505045890808105
19413	13	-1.6298068761825562
19413	14	-2.1885368824005127
19413	15	-2.1019248962402344
19419	0	-2.1505045890808105
19419	1	-1.006337285041809
19419	2	-2.037914276123047
19419	3	-2.13559889793396
19419	4	-1.420217514038086
19419	5	1.0183767080307007
19419	6	-1.1523959636688232
19419	7	1.0762407779693604
19437	0	-2.1885368824005127
19437	1	-1.2595242261886597
19437	2	-2.144205331802368
19437	3	0.5584051012992859
19437	4	-0.3828030228614807
19437	5	0.8679043650627136
19437	6	-2.173631191253662
19437	7	-2.1505045890808105
19449	0	-0.3026892840862274
19449	1	1.4144994020462036
19449	2	-1.9958841800689697
19449	3	-2.0933518409729004
19449	4	0.21015654504299164
19449	5	-1.0121480226516724
19449	6	-2.1019248962402344
19449	7	-2.1505045890808105
19449	8	-2.1505045890808105
19449	9	-0.7184635996818542
19449	10	-0.4582008719444275
19449	11	-0.5829885601997375
19449	12	0.06566262245178223
19449	13	1.6703083515167236
19449	14	0.20957335829734802
19454	0	1.772540807723999
19454	1	-2.0516722202301025
19454	2	-1.7392208576202393
19454	3	-2.0079588890075684
19454	4	-1.0510461330413818
19454	5	0.532526969909668
19454	6	-1.0861539840698242
19454	7	-2.131877899169922
19457	0	-2.131877899169922
19457	1	-0.06049833074212074
19457	2	1.078586459159851
19457	3	-0.5528313517570496
19457	4	-2.028470754623413
19457	5	1.1727876663208008
19457	6	-1.1350111961364746
19457	7	-0.7303406596183777
19457	8	-1.4449259042739868
19457	9	-2.1885368824005127
19457	10	-2.169910192489624
19457	11	-0.2290947437286377
19457	12	-0.4235028624534607
19457	13	0.2166578620672226
19457	14	-0.8133747577667236
19457	15	-2.169910192489624
19483	0	-0.6301729083061218
19483	1	-0.6797187328338623
19483	2	-0.21510139107704163
19483	3	-1.26246976852417
19483	4	-2.169910192489624
19483	5	-2.1616830825805664
19483	6	-1.7516485452651978
19483	7	1.4712767601013184
19486	0	-2.1019248962402344
19486	1	-2.277880907058716
19486	2	-0.9048455953598022
19486	3	0.7356566786766052
19486	4	-1.8195635080337524
19486	5	-1.1789530515670776
19486	6	-1.8138384819030762
19486	7	-2.121330499649048
19487	0	0.5581125617027283
19487	1	-2.1169722080230713
19487	2	0.05321149528026581
19487	3	-0.06579222530126572
19487	4	-0.027680223807692528
19487	5	0.2536064088344574
19487	6	-1.2595242261886597
19487	7	-2.131877899169922
19493	0	-1.857907772064209
19493	1	-1.5496269464492798
19493	2	-2.2064781188964844
19493	3	-1.9010677337646484
19493	4	-1.734228253364563
19493	5	-0.5435030460357666
19493	6	-1.2565271854400635
19493	7	-0.9953887462615967
19493	8	-1.6449790000915527
19493	9	-2.2064781188964844
19493	10	-1.4385424852371216
19493	11	-1.3648947477340698
19493	12	0.2165798395872116
19493	13	-1.5821906328201294
19493	14	-1.0049235820770264
19493	15	0.14684416353702545
19494	0	0.5424906611442566
19494	1	-0.5341707468032837
19494	2	-2.169910192489624
19494	3	-0.7593523859977722
19494	4	1.513119101524353
19494	5	-0.9956294894218445
19494	6	-0.06811440736055374
19494	7	-1.239660382270813
19494	8	1.0985013246536255
19494	9	-0.5759689807891846
19494	10	0.26420480012893677
19494	11	0.6418982744216919
19494	12	0.9741994738578796
19494	13	-1.0519285202026367
19494	14	0.8137335181236267
19494	15	0.16428589820861816
19503	0	-0.5383363366127014
19503	1	-0.3724272549152374
19503	2	-1.4229716062545776
19503	3	-0.7517927289009094
19503	4	-1.2421237230300903
19503	5	0.9468896389007568
19503	6	-1.7633990049362183
19503	7	-0.0036024320870637894
19503	8	-2.0851123332977295
19503	9	-1.2599159479141235
19503	10	0.5879632234573364
19503	11	1.4965412616729736
19503	12	-0.1394788920879364
19503	13	0.8110129833221436
19503	14	-2.169910192489624
19511	0	-2.173631191253662
19511	1	-0.4947258234024048
19511	2	-0.4511953592300415
19511	3	-1.9812428951263428
19511	4	0.13200224936008453
19511	5	-1.9066156148910522
19511	6	0.018140923231840134
19536	0	-2.1550045013427734
19536	1	-1.7787673473358154
19536	2	0.1148509606719017
19536	3	-1.3836324214935303
19536	4	-1.3293737173080444
19536	5	0.21243587136268616
19536	6	-1.3404051065444946
19536	7	-2.169910192489624
19536	8	-0.5000084042549133
19536	9	-0.8927785158157349
19536	10	-0.4214610457420349
19536	11	0.5186849236488342
19536	12	-2.169910192489624
19536	13	-0.8133747577667236
19536	14	-0.27003052830696106
19548	0	-1.8137298822402954
19548	1	-1.8474427461624146
19548	2	0.7469787001609802
19548	3	-1.5627973079681396
19548	4	0.8898941874504089
19548	5	0.8741111159324646
19548	6	-0.8845131397247314
19548	7	-2.1885368824005127
19554	0	-1.2037087678909302
19554	1	-2.131877899169922
19554	2	0.36258965730667114
19554	3	-1.6554957628250122
19554	4	-1.1550692319869995
19554	5	2.156587600708008
19554	6	1.3163492679595947
19554	7	-2.169910192489624
19554	8	-2.169910192489624
19554	9	-1.8904248476028442
19554	10	-2.0832982063293457
19554	11	-0.1812005639076233
19554	12	0.32028117775917053
19554	13	-1.4194225072860718
19554	14	0.019685763865709305
19576	0	-2.13559889793396
19576	1	-2.1869056224823
19576	2	-2.131877899169922
19576	3	-2.1885368824005127
19576	4	-0.8744540810585022
19576	5	-2.131877899169922
19576	6	-1.0659968852996826
19576	7	0.21019047498703003
19586	0	-0.6525574326515198
19586	1	0.7025027871131897
19586	2	-1.1042085886001587
19586	3	-2.1550045013427734
19586	4	-1.5546834468841553
19586	5	-2.0664148330688477
19586	6	-1.6268166303634644
19586	7	-0.5914962291717529
19595	0	2.1771790981292725
19595	1	-2.169910192489624
19595	2	0.9943758249282837
19595	3	1.831207036972046
19595	4	-2.1169722080230713
19595	5	-2.1505045890808105
19595	6	-0.13566115498542786
19595	7	0.7760407328605652
19602	0	1.3495774269104004
19602	1	-2.169910192489624
19602	2	-1.8137298822402954
19602	3	-2.1869056224823
19602	4	-2.1885368824005127
19602	5	-2.1885368824005127
19602	6	-2.1347219944000244
19602	7	-2.1505045890808105
19603	0	-2.052123546600342
19603	1	-2.1869056224823
19603	2	-1.9139819145202637
19603	3	-1.9164925813674927
19603	4	-0.1572350114583969
19603	5	1.4368915557861328
19603	6	-2.060458183288574
19603	7	-1.6850627660751343
19603	8	-0.7758406400680542
19603	9	-1.0293718576431274
19603	10	-1.675650715827942
19603	11	-2.0437920093536377
19603	12	-0.6495013236999512
19603	13	-1.9520140886306763
19603	14	-1.3827898502349854
19603	15	-1.072548508644104
19603	16	-1.8551371097564697
19603	17	-1.5263985395431519
19603	18	-2.131877899169922
19603	19	-1.6850627660751343
19603	20	-1.6850627660751343
19603	21	-0.5284143686294556
19603	22	-0.7807456851005554
19603	23	-2.131877899169922
19603	24	-2.001969337463379
19603	25	0.6138291358947754
19603	26	0.46103033423423767
19603	27	0.5013952255249023
19603	28	-1.3785016536712646
19633	0	-1.9095345735549927
19633	1	-0.6323879361152649
19633	2	-0.4536035656929016
19633	3	-1.5534698963165283
19633	4	-1.6305294036865234
19633	5	-1.5812206268310547
19633	6	-2.1021196842193604
19681	0	-2.173631191253662
19681	1	0.9492615461349487
19681	2	0.5609127879142761
19681	3	0.31261998414993286
19681	4	-2.169910192489624
19681	5	1.1325138807296753
19681	6	-1.5770509243011475
19681	7	-0.010494261048734188
19682	0	-0.5395158529281616
19682	1	-1.9333875179290771
19682	2	-1.5340828895568848
19682	3	1.502368450164795
19682	4	-2.173631191253662
19682	5	-1.2973346710205078
19682	6	-2.169910192489624
19682	7	0.020546190440654755
19720	0	0.04795457422733307
19720	1	-2.130058526992798
19720	2	-1.336687684059143
19720	3	-1.0172932147979736
19720	4	-2.1885368824005127
19720	5	0.30345404148101807
19720	6	-1.322312831878662
19720	7	1.4119144678115845
19731	0	0.648406445980072
19731	1	0.11989828199148178
19731	2	-1.3565306663513184
19731	3	-2.173631191253662
19731	4	1.5409482717514038
19731	5	-1.781153678894043
19731	6	-1.8558777570724487
19731	7	-2.131877899169922
19736	0	-2.169910192489624
19736	1	-0.3008887767791748
19736	2	-2.0832982063293457
19736	3	-1.515103816986084
19736	4	1.1171079874038696
19736	5	-2.1885368824005127
19736	6	0.36730286478996277
19736	7	2.0219850540161133
19736	8	0.36730286478996277
19736	9	0.9438493251800537
19736	10	-2.1885368824005127
19736	11	-1.0673651695251465
19736	12	0.4154479503631592
19736	13	0.9438493251800537
19736	14	1.9781646728515625
19736	15	0.4154479503631592
19736	16	-2.1885368824005127
19736	17	-2.169910192489624
19736	18	1.1960546970367432
19736	19	2.112657070159912
19736	20	-0.8687862157821655
19736	21	-2.2435646057128906
19736	22	-1.945923089981079
19736	23	-2.1885368824005127
19736	24	-2.169910192489624
19736	25	-2.1885368824005127
19736	26	-2.078394651412964
19736	27	-0.8760777115821838
19736	28	-1.8639233112335205
19736	29	-2.1885368824005127
19736	30	-1.5524842739105225
19736	31	-1.9217660427093506
19736	32	-2.033916473388672
19736	33	-2.1885368824005127
19736	34	-2.1885368824005127
19736	35	-1.6542327404022217
19736	36	-1.6624399423599243
19736	37	-2.078394651412964
19736	38	-2.169910192489624
19736	39	-2.033916473388672
19736	40	-2.1885368824005127
19736	41	-2.169910192489624
19736	42	-1.8772878646850586
19736	43	-1.4574137926101685
19736	44	-2.164771556854248
19736	45	-1.341058611869812
19736	46	-1.8497858047485352
19736	47	-1.7473729848861694
19736	48	-2.173631191253662
19736	49	-2.169910192489624
19736	50	-1.8942639827728271
19736	51	-2.1885368824005127
19736	52	-2.1885368824005127
19736	53	-2.1885368824005127
19736	54	-2.1878514289855957
19736	55	-2.1885368824005127
19736	56	-2.1885368824005127
19736	57	-2.1885368824005127
19736	58	-2.169910192489624
19736	59	-2.169910192489624
19736	60	-2.0597681999206543
19737	0	-2.2064781188964844
19737	1	0.24097108840942383
19737	2	0.7631171345710754
19737	3	-2.1505045890808105
19737	4	0.14081348478794098
19737	5	-2.1878514289855957
19737	6	1.5184458494186401
19737	7	-0.9019560813903809
19756	0	-2.1885368824005127
19756	1	-0.2689318358898163
19756	2	0.3449241518974304
19756	3	-0.24127565324306488
19756	4	-0.6201516389846802
19756	5	0.446594774723053
19756	6	-1.9235517978668213
19770	0	-0.5820341110229492
19770	1	-0.07165570557117462
19770	2	-1.912469744682312
19770	3	0.2598707973957062
19770	4	0.8126606345176697
19770	5	0.723057746887207
19770	6	-2.1885368824005127
19770	7	-0.3670234680175781
19770	8	-0.9171342253684998
19770	9	-1.7511446475982666
19770	10	-2.169910192489624
19770	11	-2.1885368824005127
19770	12	0.7701370120048523
19770	13	0.6995161175727844
19770	14	-1.5968323945999146
19770	15	1.3282568454742432
19770	16	-2.1885368824005127
19770	17	0.08337591588497162
19770	18	0.04467276856303215
19770	19	0.1876148283481598
19770	20	0.730887770652771
19770	21	-1.6480313539505005
19770	22	-0.019990267232060432
19770	23	0.05228615552186966
19770	24	0.7640020847320557
19770	25	-1.8418720960617065
19770	26	-0.8525309562683105
19770	27	0.3341035842895508
19770	28	0.29592806100845337
19770	29	0.9429477453231812
19770	30	0.31830933690071106
19770	31	-2.1885368824005127
19771	0	-2.131877899169922
19771	1	-1.9998819828033447
19771	2	0.8303115367889404
19771	3	-2.1505045890808105
19771	4	-0.4694403111934662
19771	5	-2.131877899169922
19771	6	0.21376022696495056
19771	7	1.8055578470230103
19782	0	-1.764515995979309
19782	1	-1.1226862668991089
19782	2	-2.2064781188964844
19782	3	-1.6361063718795776
19782	4	-1.2374216318130493
19782	5	-2.1878514289855957
19782	6	-2.2064781188964844
19782	7	-0.8502953052520752
19782	8	-1.6214944124221802
19782	9	-1.7094883918762207
19782	10	-0.5513455271720886
19782	11	-2.2064781188964844
19782	12	-2.2064781188964844
19782	13	-1.1436865329742432
19782	14	-1.2579269409179688
19782	15	-1.4162198305130005
19782	16	-0.937911868095398
19782	17	-1.2434215545654297
19782	18	-1.2224875688552856
19782	19	0.21653397381305695
19782	20	-2.2064781188964844
19782	21	-1.4539021253585815
19782	22	-2.1392717361450195
19782	23	-2.0518577098846436
19782	24	-0.7842453718185425
19782	25	-1.4757206439971924
19782	26	-1.5846699476242065
19782	27	-0.7528285980224609
19782	28	-1.0570573806762695
19782	29	-2.1505045890808105
19782	30	-1.2756774425506592
19782	31	-2.1878514289855957
19782	32	-1.7501740455627441
19782	33	-0.2948034405708313
19782	34	-1.6214944124221802
19782	35	-0.9322033524513245
19782	36	-1.6659725904464722
19782	37	-0.21465842425823212
19782	38	-0.5239892601966858
19782	39	-0.15646836161613464
19782	40	-0.31375032663345337
19782	41	-1.3352851867675781
19782	42	-1.4615212678909302
19782	43	-0.6284653544425964
19782	44	-1.1497844457626343
19782	45	-1.6214944124221802
19782	46	-1.7688006162643433
19782	47	-1.775790810585022
19782	48	-0.43539223074913025
19782	49	-1.7188295125961304
19782	50	-1.775790810585022
19782	51	-1.980437994003296
19782	52	-1.5916601419448853
19782	53	-1.9304109811782837
19782	54	-1.4072946310043335
19782	55	-1.1504298448562622
19782	56	-1.4214131832122803
19782	57	-1.7310914993286133
19782	58	-1.980437994003296
19782	59	-2.2064781188964844
19782	60	-1.5807002782821655
19782	61	-1.5735657215118408
19782	62	-1.1864756345748901
19782	63	-2.1878514289855957
19782	64	-0.9469662308692932
19782	65	-2.2064781188964844
19782	66	-2.2064781188964844
19782	67	-1.3655328750610352
19782	68	0.19852542877197266
19782	69	-0.8238440752029419
19782	70	-2.2064781188964844
19782	71	-2.2064781188964844
19782	72	-1.3151506185531616
19782	73	-1.0950138568878174
19782	74	-1.4099122285842896
19782	75	-1.1963095664978027
19782	76	-2.2064781188964844
19782	77	-2.2064781188964844
19782	78	-0.7166391015052795
19782	79	-1.7310914993286133
19782	80	-0.9475851655006409
19782	81	-0.7842453718185425
19782	82	-0.7525720596313477
19782	83	-1.1565932035446167
19782	84	-1.1712090969085693
19782	85	-2.2064781188964844
19782	86	-1.020348310470581
19782	87	-2.158783197402954
19782	88	-2.2064781188964844
19782	89	0.8075120449066162
19782	90	-0.807411253452301
19782	91	-0.4148525595664978
19782	92	-1.1103365421295166
19782	93	-2.2064781188964844
19782	94	-0.7794967889785767
19782	95	0.3465459644794464
19782	96	-1.8727545738220215
19782	97	-2.2064781188964844
19782	98	-1.3030149936676025
19782	99	-0.9133052229881287
19782	100	-2.2064781188964844
19782	101	-0.7842453718185425
19782	102	-1.9304109811782837
19782	103	-1.3510740995407104
19782	104	-1.820268988609314
19782	105	-2.1350584030151367
19782	106	-2.2064781188964844
19782	107	-1.1452159881591797
19782	108	-1.2463650703430176
19782	109	-2.2064781188964844
19782	110	-2.169910192489624
19782	111	-1.3030149936676025
19782	112	-1.8314638137817383
19782	113	-1.8900907039642334
19806	0	-1.417521595954895
19806	1	-2.169910192489624
19806	2	0.16324689984321594
19806	3	1.6561614274978638
19806	4	1.5680299997329712
19806	5	0.12897233664989471
19806	6	1.0409750938415527
19806	7	-0.5297700762748718
19806	8	1.6465883255004883
19806	9	-2.169910192489624
19806	10	0.6069713830947876
19806	11	-0.5297700762748718
19806	12	-0.5297700762748718
19806	13	-2.1869056224823
19806	14	-1.7191678285598755
19808	0	-2.131877899169922
19808	1	1.0781242847442627
19808	2	0.9661477208137512
19808	3	-0.5350125432014465
19808	4	-2.1379387378692627
19808	5	-0.331897497177124
19808	6	-2.1869056224823
19808	7	0.6429785490036011
19808	8	-2.144205331802368
19808	9	0.17070478200912476
19808	10	-0.9547899961471558
19808	11	-2.144205331802368
19808	12	-0.3913293182849884
19808	13	-0.5258093476295471
19808	14	1.448333978652954
19808	15	-0.9388782382011414
19812	0	0.6938773989677429
19812	1	1.1029202938079834
19812	2	0.4725283980369568
19812	3	-0.1910175383090973
19812	4	-2.1505045890808105
19812	5	-2.13559889793396
19812	6	-0.29009294509887695
19812	7	-2.131877899169922
19836	0	-2.131877899169922
19836	1	-0.6002667546272278
19836	2	0.010246353223919868
19836	3	-1.1002639532089233
19836	4	-0.8841732740402222
19836	5	-2.1123273372650146
19836	6	-1.535254955291748
19836	7	-2.101320266723633
19836	8	-1.9662684202194214
19836	9	-1.86855947971344
19836	10	-2.033916473388672
19836	11	-0.4154139459133148
19836	12	-2.169910192489624
19836	13	-2.1885368824005127
19836	14	-1.6683229207992554
19836	15	-2.1878514289855957
19851	0	-1.3104795217514038
19851	1	-0.48163679242134094
19851	2	-1.260231852531433
19851	3	-2.249191999435425
19851	4	-1.1128145456314087
19851	5	-1.3265539407730103
19851	6	-0.574471652507782
19851	7	2.101710081100464
19851	8	0.321417897939682
19851	9	0.19125744700431824
19851	10	-0.9460168480873108
19851	11	0.3238285481929779
19851	12	0.7932526469230652
19851	13	0.7390872836112976
19851	14	-1.3475453853607178
19851	15	0.2740061283111572
19851	16	-1.291737675666809
19851	17	-0.41214704513549805
19851	18	-0.5391578674316406
19851	19	0.18836796283721924
19851	20	0.8504608869552612
19851	21	-0.31767532229423523
19851	22	-2.0152900218963623
19851	23	-0.5336243510246277
19851	24	-0.1646811068058014
19851	25	-0.956979513168335
19851	26	-1.2306463718414307
19851	27	0.16540051996707916
19851	28	0.5647996068000793
19851	29	-2.1885368824005127
19851	30	-1.8497858047485352
19851	31	-1.9307998418807983
19851	32	-1.8497858047485352
19851	33	-2.1885368824005127
19851	34	-1.1775450706481934
19851	35	-2.1505045890808105
19851	36	1.2531967163085938
19851	37	-1.2724473476409912
19851	38	-1.2724473476409912
19851	39	-1.8892643451690674
19851	40	-2.0747692584991455
19851	41	-1.2683286666870117
19851	42	-0.3847706615924835
19851	43	0.10791550576686859
19851	44	-0.14402565360069275
19851	45	-2.1885368824005127
19851	46	-2.1885368824005127
19851	47	0.03800645098090172
19851	48	0.7390872836112976
19851	49	0.6566601395606995
19851	50	0.5089150071144104
19851	51	0.6876778602600098
19851	52	0.7932526469230652
19851	53	0.7390872836112976
19851	54	0.8312510848045349
19851	55	0.21233856678009033
19851	56	0.094479501247406
19851	57	-2.169910192489624
19851	58	-2.1885368824005127
19851	59	-2.1885368824005127
19851	60	1.0163993835449219
19853	0	-1.9307998418807983
19853	1	-0.6711521148681641
19853	2	0.8847799301147461
19853	3	0.9604172706604004
19853	4	-2.1505045890808105
19853	5	0.3899744749069214
19853	6	-2.1878514289855957
19853	7	-2.131877899169922
19854	0	-2.173631191253662
19854	1	-2.224937915802002
19854	2	-0.7032325863838196
19854	3	1.4769877195358276
19854	4	-1.6275278329849243
19854	5	-2.1505045890808105
19854	6	-1.7371903657913208
19854	7	-0.4188794493675232
19854	8	-2.1505045890808105
19854	9	-2.175285816192627
19854	10	-2.1505045890808105
19854	11	-2.1505045890808105
19854	12	-0.3826826810836792
19854	13	-2.131877899169922
19854	14	0.8402782082557678
19864	0	0.13804291188716888
19864	1	-1.668481469154358
19864	2	-0.036183807998895645
19864	3	0.9381338953971863
19864	4	-2.144205331802368
19864	5	0.12992125749588013
19864	6	-1.8744375705718994
19864	7	-1.0932992696762085
19864	8	-0.3418819308280945
19864	9	0.56397944688797
19864	10	-2.131877899169922
19864	11	-1.8150979280471802
19864	12	-1.7032585144042969
19864	13	0.47989869117736816
19864	14	0.707276463508606
19875	0	-1.237256646156311
19875	1	-2.2435646057128906
19875	2	-1.4289042949676514
19875	3	-0.18790985643863678
19875	4	-2.175971031188965
19875	5	-2.1885368824005127
19875	6	1.0410584211349487
19875	7	-1.2875792980194092
19898	0	-1.3401620388031006
19898	1	0.5747483968734741
19898	2	-0.6966086626052856
19898	3	0.575302004814148
19898	4	1.3345179557800293
19898	5	-2.1885368824005127
19898	6	-0.18770292401313782
19898	7	-1.9117844104766846
19906	0	-2.1169722080230713
19906	1	0.5279590487480164
19906	2	-0.17183814942836761
19906	3	-2.1550045013427734
19906	4	1.2728792428970337
19906	5	0.3572514057159424
19906	6	1.5106549263000488
19906	7	-2.1885368824005127
19913	0	-2.033916473388672
19913	1	-2.019906520843506
19913	2	-1.2684392929077148
19913	3	1.716773271560669
19913	4	-2.1505045890808105
19913	5	-2.1505045890808105
19913	6	-1.7563101053237915
19913	7	-2.1505045890808105
19913	8	-1.776282787322998
19913	9	-1.9251909255981445
19913	10	-1.776282787322998
19913	11	-2.106173038482666
19913	12	-1.865207552909851
19913	13	-2.131877899169922
19913	14	-2.131877899169922
19913	15	-1.2026346921920776
19916	0	-1.2468080520629883
19916	1	-0.28929319977760315
19916	2	-0.3597494959831238
19916	3	-0.3597494959831238
19916	4	0.2840702533721924
19916	5	-1.2266900539398193
19916	6	0.37786197662353516
19916	7	0.5497316122055054
19916	8	-0.0731266438961029
19916	9	-2.1885368824005127
19916	10	0.029189033433794975
19916	11	-0.42131054401397705
19916	12	1.4871891736984253
19916	13	0.10275009274482727
19916	14	-1.3752020597457886
19916	15	0.8769660592079163
19916	16	-2.1885368824005127
19916	17	-2.169910192489624
19916	18	-0.009810283780097961
19916	19	-2.2309987545013428
19916	20	-1.3564567565917969
19916	21	1.490952491760254
19916	22	-0.5616280436515808
19916	23	-2.169910192489624
19916	24	0.9054499268531799
19916	25	-1.9543310403823853
19916	26	-0.6058416962623596
19916	27	0.1470664143562317
19916	28	-0.5400090217590332
19916	29	-1.7511446475982666
19916	30	-0.4346887171268463
19921	0	-1.2025847434997559
19921	1	-2.1550045013427734
19921	2	-1.8949764966964722
19921	3	-1.4397146701812744
19921	4	-2.376695156097412
19921	5	0.04832559823989868
19921	6	-0.028173984959721565
19921	7	-0.7887765169143677
19921	8	-0.006344340741634369
19921	9	-0.2669382095336914
19921	10	-0.2669382095336914
19921	11	-2.264282703399658
19921	12	0.05405765026807785
19921	13	-2.169910192489624
19921	14	0.7317614555358887
19921	15	0.5139108300209045
19938	0	-2.1885368824005127
19938	1	-0.048972878605127335
19938	2	-1.9307998418807983
19938	3	-2.1505045890808105
19938	4	-1.2002596855163574
19938	5	-1.3290332555770874
19938	6	-1.9998819828033447
19938	7	1.058428168296814
19938	8	-2.1505045890808105
19938	9	-1.6377493143081665
19938	10	-1.9812428951263428
19938	11	0.04769423231482506
19938	12	-1.9812428951263428
19938	13	-0.43778759241104126
19938	14	0.5157287120819092
19938	15	-1.4317728281021118
19938	16	-1.757162094116211
19938	17	0.6167553663253784
19938	18	-2.131877899169922
19938	19	1.1531195640563965
19938	20	-1.0963729619979858
19938	21	-1.9435691833496094
19938	22	-1.474332332611084
19938	23	1.448333978652954
19938	24	0.4537612795829773
19938	25	-2.1505045890808105
19938	26	-0.1820823699235916
19938	27	-2.144205331802368
19938	28	-0.6986541152000427
19938	29	-1.247527003288269
19938	30	0.09039458632469177
19938	31	-0.129834845662117
19949	0	-2.173631191253662
19949	1	-1.912469744682312
19949	2	-1.4217486381530762
19949	3	-2.0549097061157227
19949	4	-2.1885368824005127
19949	5	-2.169910192489624
19949	6	-1.9676140546798706
19949	7	-2.1885368824005127
19949	8	-1.3309624195098877
19949	9	0.02724776417016983
19949	10	-2.169910192489624
19949	11	-0.507339596748352
19949	12	-0.06961841881275177
19949	13	1.207794427871704
19949	14	-0.16255947947502136
19949	15	-1.72150719165802
19954	0	-1.1146488189697266
19954	1	0.0847725123167038
19954	2	-1.1066032648086548
19954	3	-1.4666948318481445
19954	4	-2.173631191253662
19954	5	-2.3248207569122314
19954	6	1.0522253513336182
19954	7	-2.131877899169922
19960	0	-1.8194552659988403
19960	1	-1.6513699293136597
19960	2	-0.299005925655365
19960	3	-2.1885368824005127
19960	4	-2.0897045135498047
19960	5	-0.008589006029069424
19960	6	-2.1885368824005127
19960	7	-0.6935347318649292
19960	8	-1.8996422290802002
19960	9	-1.1415565013885498
19960	10	-2.1885368824005127
19960	11	-1.0136582851409912
19960	12	-0.33423370122909546
19960	13	-0.832465648651123
19960	14	-0.33707794547080994
19960	15	-1.515080451965332
19960	16	-1.1544716358184814
19960	17	1.3617029190063477
19960	18	-0.2549152672290802
19960	19	-1.080554723739624
19960	20	-0.7565984129905701
19960	21	-2.175971031188965
19960	22	-0.018560005351901054
19960	23	-0.9251584410667419
19960	24	-0.048828259110450745
19960	25	-0.8860392570495605
19960	26	0.18189460039138794
19960	27	0.14089125394821167
19960	28	0.16395334899425507
19960	29	-1.7119884490966797
19960	30	0.1840333193540573
19960	31	-0.7342997789382935
19965	0	-1.4798170328140259
19965	1	-2.1610655784606934
19965	2	0.44157811999320984
19965	3	-1.7101737260818481
19965	4	-0.36961644887924194
19965	5	-1.2047311067581177
19965	6	-1.4611133337020874
19965	7	-0.756450891494751
19965	8	0.5003913044929504
19965	9	-2.1885368824005127
19965	10	-1.5895330905914307
19965	11	-1.5861355066299438
19965	12	0.8248545527458191
19965	13	-1.7973939180374146
19965	14	-1.3574823141098022
19987	0	-2.224937915802002
19987	1	-2.1399571895599365
19987	2	-1.1996773481369019
19987	3	0.1104365810751915
19987	4	-1.6320610046386719
19987	5	-2.1885368824005127
19987	6	0.2479756474494934
19987	7	-1.4960315227508545
19987	8	-0.8770622611045837
19987	9	-2.078155040740967
19987	10	-0.828228235244751
19987	11	-2.175971031188965
19987	12	-2.1505045890808105
19987	13	-2.1885368824005127
19987	14	-1.2128878831863403
19987	15	-2.1685433387756348
19987	16	-2.1505045890808105
19987	17	-0.26048222184181213
19987	18	-1.8996422290802002
19987	19	-2.1885368824005127
19987	20	-2.1885368824005127
19987	21	-0.33830955624580383
19987	22	-0.7723174095153809
19987	23	-1.2220232486724854
19987	24	0.8766024112701416
19987	25	-0.40569254755973816
19987	26	-1.644757866859436
19987	27	-1.0211811065673828
19987	28	-1.1106607913970947
19987	29	-0.9827045798301697
19987	30	-1.6854435205459595
19997	0	1.8350163698196411
19997	1	-0.7351589202880859
19997	2	-2.2064781188964844
19997	3	-0.006657536141574383
19997	4	-0.7353249192237854
19997	5	0.26546216011047363
19997	6	-1.8744375705718994
